3.78
3.75
3.83
3.79
3.82
3.83
3.92
3.92
3.86
3.84
3.89
3.84
3.86
3.86
3.88
4.00
4.04
4.00
4.03
4.05
4.01
3.92
3.97
3.96
3.97
4.01
3.98
3.98
4.02
3.99
4.03
3.97
3.96
3.93
3.93
3.94
3.89
3.91
3.96
4.00
4.01
4.01
3.95
3.96
3.93
3.89
3.89
3.86
3.85
3.86
3.87
3.86
3.87
3.87
3.77
3.69
3.67
3.74
3.75
3.76
3.77
3.80
3.85
3.84
3.82
3.81
3.77
3.70
3.74
3.73
3.74
3.70
3.72
3.72
3.72
3.75
3.60
3.56
3.57
3.58
3.51
3.54
3.59
3.63
3.60
3.55
3.50
3.53
3.54
3.51
3.58
3.73
3.98
4.02
4.05
4.06
4.04
4.03
4.02
4.05
4.06
4.07
4.06
4.08
4.10
4.09
4.10
4.12
4.12
4.16
4.17
4.17
4.17
4.35
4.36
4.37
4.40
4.42
4.35
4.36
4.39
4.38
4.44
4.43
4.37
4.37
4.42
4.44
4.45
4.40
